C:/Users/Tu Tran Ngoc Minh/Desktop/heuristics/heuristics/test.csv
9
origins: [{'lng': 106.677597, 'lat': 10.799542}, {'lng': 106.657301, 'lat': 10.771048}, {'lng': 106.695201, 'lat': 10.7801688}, {'lng': 106.702432, 'lat': 10.7887654}, {'lng': 106.719758, 'lat': 10.799096}, {'lng': 106.653311, 'lat': 10.776861}, {'lng': 106.6296637, 'lat': 10.7883491}, {'lng': 106.7753504, 'lat': 10.8478509}, {'lng': 106.7561567, 'lat': 10.851093}, {'lng': 106.6559861, 'lat': 10.7976518}]
destinations: [{'lng': 106.677597, 'lat': 10.799542}, {'lng': 106.657301, 'lat': 10.771048}, {'lng': 106.695201, 'lat': 10.7801688}, {'lng': 106.702432, 'lat': 10.7887654}, {'lng': 106.719758, 'lat': 10.799096}, {'lng': 106.653311, 'lat': 10.776861}, {'lng': 106.6296637, 'lat': 10.7883491}, {'lng': 106.7753504, 'lat': 10.8478509}, {'lng': 106.7561567, 'lat': 10.851093}, {'lng': 106.6559861, 'lat': 10.7976518}]
distance matrix: [[  0.           3.86819402   2.88846706   2.96647976   4.60677354
    3.66142691   5.38322376  11.95526769  10.32188276   2.37055223]
 [  3.86819402   0.           4.2637298    5.31052303   7.50366571
    0.77983733   3.58089047  15.4702233   13.99721558   2.96262201]
 [  2.88846706   4.2637298    0.           1.24039072   3.41051652
    4.59197721   7.21853273  11.54791654  10.32402479   4.70540061]
 [  2.96647976   5.31052303   1.24039072   0.           2.21451605
    5.52817128   7.95107633  10.32753902   9.08371105   5.17014163]
 [  4.60677354   7.50366571   3.41051652   2.21451605   0.           7.66995172
    9.91619074   8.14227832   7.01878851   6.96958447]
 [  3.66142691   0.77983733   4.59197721   5.52817128   7.66995172   0.
    2.8825472   15.49613815  13.94384319   2.33095603]
 [  5.38322376   3.58089047   7.21853273   7.95107633   9.91619074
    2.8825472    0.          17.23788717  15.48191424   3.05651866]
 [ 11.95526769  15.4702233   11.54791654  10.32753902   8.14227832
   15.49613815  17.23788717   0.           2.12753589  14.18580886]
 [ 10.32188276  13.99721558  10.32402479   9.08371105   7.01878851
   13.94384319  15.48191424   2.12753589   0.          12.45387774]
 [  2.37055223   2.96262201   4.70540061   5.17014163   6.96958447
    2.33095603   3.05651866  14.18580886  12.45387774   0.        ]]
time travel matrix: [[ 0.          0.09670485  0.07221168  0.07416199  0.11516934  0.09153567
   0.13458059  0.29888169  0.25804707  0.05926381]
 [ 0.09670485  0.          0.10659324  0.13276308  0.18759164  0.01949593
   0.08952226  0.38675558  0.34993039  0.07406555]
 [ 0.07221168  0.10659324  0.          0.03100977  0.08526291  0.11479943
   0.18046332  0.28869791  0.25810062  0.11763502]
 [ 0.07416199  0.13276308  0.03100977  0.          0.0553629   0.13820428
   0.19877691  0.25818848  0.22709278  0.12925354]
 [ 0.11516934  0.18759164  0.08526291  0.0553629   0.          0.19174879
   0.24790477  0.20355696  0.17546971  0.17423961]
 [ 0.09153567  0.01949593  0.11479943  0.13820428  0.19174879  0.
   0.07206368  0.38740345  0.34859608  0.0582739 ]
 [ 0.13458059  0.08952226  0.18046332  0.19877691  0.24790477  0.07206368
   0.          0.43094718  0.38704786  0.07641297]
 [ 0.29888169  0.38675558  0.28869791  0.25818848  0.20355696  0.38740345
   0.43094718  0.          0.0531884   0.35464522]
 [ 0.25804707  0.34993039  0.25810062  0.22709278  0.17546971  0.34859608
   0.38704786  0.0531884   0.          0.31134694]
 [ 0.05926381  0.07406555  0.11763502  0.12925354  0.17423961  0.0582739
   0.07641297  0.35464522  0.31134694  0.        ]]
name: Truck, volume: 2000, weight: 20000, cost: 0
name: Truck, volume: 2000, weight: 20000, cost: 0
The program '[27292] python.exe' has exited with code -1073741510 (0xc000013a).
